-10	0
-9.92157	0
-9.84314	0
-9.76471	0
-9.68627	0
-9.60784	0
-9.52941	0
-9.45098	0
-9.37255	0
-9.29412	0
-9.21569	0
-9.13725	0
-9.05882	0
-8.98039	0
-8.90196	0
-8.82353	0
-8.7451	0
-8.66667	0
-8.58824	0
-8.5098	0
-8.43137	0
-8.35294	0
-8.27451	0
-8.19608	0
-8.11765	0
-8.03922	0
-7.96078	0
-7.88235	0
-7.80392	0
-7.72549	0
-7.64706	0
-7.56863	0
-7.4902	0
-7.41176	0
-7.33333	0
-7.2549	0
-7.17647	0
-7.09804	0
-7.01961	0
-6.94118	0
-6.86275	0
-6.78431	0
-6.70588	0
-6.62745	0
-6.54902	0
-6.47059	0
-6.39216	0
-6.31373	0
-6.23529	0
-6.15686	0
-6.07843	0
-6	0
-5.92157	0
-5.84314	0
-5.76471	0
-5.68627	8.67362e-19
-5.60784	-1.03216e-16
-5.52941	5.98566e-15
-5.45098	-2.25322e-13
-5.37255	6.18733e-12
-5.29412	-1.32044e-10
-5.21569	2.27821e-09
-5.13725	-3.26376e-08
-5.05882	3.95651e-07
-4.98039	-4.11508e-06
-4.90196	3.70975e-05
-4.82353	-0.000292045
-4.7451	0.00201817
-4.66667	-0.0122822
-4.58824	0.0659126
-4.5098	-0.311673
-4.43137	1.29421
-4.35294	-4.68643
-4.27451	14.6093
-4.19608	-38.2769
-4.11765	80.1481
-4.03922	-116.637
-3.96078	42.7612
-3.88235	363.086
-3.80392	-1275.46
-3.72549	2200.69
-3.64706	-1108.16
-3.56863	-5005.66
-3.4902	15289.6
-3.41176	-17001.1
-3.33333	-12505.8
-3.2549	73582.4
-3.17647	-95095.4
-3.09804	-41031.6
-3.01961	309680
-2.94118	-345764
-2.86275	-273236
-2.78431	1.13842e+06
-2.70588	-730753
-2.62745	-1.62624e+06
-2.54902	3.14583e+06
-2.47059	259284
-2.39216	-6.21874e+06
-2.31373	4.50792e+06
-2.23529	7.70289e+06
-2.15686	-1.29236e+07
-2.07843	-4.75028e+06
-2	2.32953e+07
-1.92157	-4.49676e+06
-1.84314	-3.26666e+07
-1.76471	1.97499e+07
-1.68627	3.8408e+07
-1.60784	-3.8607e+07
-1.52941	-3.96475e+07
-1.45098	5.7589e+07
-1.37255	3.76739e+07
-1.29412	-7.33926e+07
-1.21569	-3.5144e+07
-1.13725	8.36102e+07
-1.05882	3.45828e+07
-0.980392	-8.66739e+07
-0.901961	-3.70451e+07
-0.823529	8.14679e+07
-0.745098	4.17216e+07
-0.666667	-6.74713e+07
-0.588235	-4.66284e+07
-0.509804	4.58563e+07
-0.431373	4.97873e+07
-0.352941	-2.0753e+07
-0.27451	-5.01412e+07
-0.196078	-921288
-0.117647	4.78747e+07
-0.0392157	1.19095e+07
0.0392157	-4.41813e+07
0.117647	-8.216e+06
0.196078	4.058e+07
0.27451	-8.6399e+06
0.352941	-3.80281e+07
0.431373	3.25122e+07
0.509804	3.64431e+07
0.588235	-5.60416e+07
0.666667	-3.51987e+07
0.745098	7.39941e+07
0.823529	3.42478e+07
0.901961	-8.42652e+07
0.980392	-3.46364e+07
1.05882	8.66202e+07
1.13725	3.75928e+07
1.21569	-8.11614e+07
1.29412	-4.29128e+07
1.37255	6.81537e+07
1.45098	4.82386e+07
1.52941	-4.89978e+07
1.60784	-5.00383e+07
1.68627	2.69766e+07
1.76471	4.56347e+07
1.84314	-6.78185e+06
1.92157	-3.49517e+07
2	-7.15966e+06
2.07843	2.08859e+07
2.15686	1.27126e+07
2.23529	-7.91381e+06
2.31373	-1.11088e+07
2.39216	-382108
2.47059	6.09592e+06
2.54902	3.20937e+06
2.62745	-1.56271e+06
2.70588	-2.45819e+06
2.78431	-589015
2.86275	822644
2.94118	750116
3.01961	94671.5
3.09804	-256040
3.17647	-201976
3.2549	-33298.6
3.33333	52789.6
3.41176	48294.4
3.4902	16003.7
3.56863	-4291.53
3.64706	-8189.03
3.72549	-4880.17
3.80392	-1404.02
3.88235	234.525
3.96078	554.85
4.03922	395.452
4.11765	198.666
4.19608	80.2412
4.27451	27.355
4.35294	8.05929
4.43137	2.07865
4.5098	0.472766
4.58824	0.0951807
4.66667	0.0169859
4.7451	0.00268555
4.82353	0.000375332
4.90196	4.61891e-05
4.98039	4.97649e-06
5.05882	4.6576e-07
5.13725	3.7471e-08
5.21569	2.55514e-09
5.29412	1.44881e-10
5.37255	6.65016e-12
5.45098	2.37502e-13
5.52941	6.19383e-15
5.60784	1.04951e-16
5.68627	8.67362e-19
5.76471	0
5.84314	0
5.92157	0
6	0
6.07843	0
6.15686	0
6.23529	0
6.31373	0
6.39216	0
6.47059	0
6.54902	0
6.62745	0
6.70588	0
6.78431	0
6.86275	0
6.94118	0
7.01961	0
7.09804	0
7.17647	0
7.2549	0
7.33333	0
7.41176	0
7.4902	0
7.56863	0
7.64706	0
7.72549	0
7.80392	0
7.88235	0
7.96078	0
8.03922	0
8.11765	0
8.19608	0
8.27451	0
8.35294	0
8.43137	0
8.5098	0
8.58824	0
8.66667	0
8.7451	0
8.82353	0
8.90196	0
8.98039	0
9.05882	0
9.13725	0
9.21569	0
9.29412	0
9.37255	0
9.45098	0
9.52941	0
9.60784	0
9.68627	0
9.76471	0
9.84314	0
9.92157	0
10	0
