-10	0
-9.92157	0
-9.84314	0
-9.76471	0
-9.68627	0
-9.60784	0
-9.52941	0
-9.45098	0
-9.37255	0
-9.29412	0
-9.21569	0
-9.13725	0
-9.05882	0
-8.98039	0
-8.90196	0
-8.82353	0
-8.7451	0
-8.66667	0
-8.58824	0
-8.5098	0
-8.43137	0
-8.35294	0
-8.27451	0
-8.19608	0
-8.11765	0
-8.03922	0
-7.96078	0
-7.88235	0
-7.80392	0
-7.72549	0
-7.64706	0
-7.56863	0
-7.4902	0
-7.41176	0
-7.33333	0
-7.2549	0
-7.17647	0
-7.09804	0
-7.01961	0
-6.94118	0
-6.86275	0
-6.78431	0
-6.70588	0
-6.62745	0
-6.54902	0
-6.47059	0
-6.39216	0
-6.31373	0
-6.23529	0
-6.15686	0
-6.07843	0
-6	0
-5.92157	0
-5.84314	0
-5.76471	0
-5.68627	0
-5.60784	0
-5.52941	0
-5.45098	0
-5.37255	0
-5.29412	0
-5.21569	0
-5.13725	0
-5.05882	0
-4.98039	0
-4.90196	0
-4.82353	0
-4.7451	0
-4.66667	0
-4.58824	0
-4.5098	0
-4.43137	0
-4.35294	0
-4.27451	0
-4.19608	0
-4.11765	0
-4.03922	0
-3.96078	0
-3.88235	0
-3.80392	0
-3.72549	0
-3.64706	0
-3.56863	0
-3.4902	0
-3.41176	0
-3.33333	0
-3.2549	0
-3.17647	0
-3.09804	0
-3.01961	0
-2.94118	0
-2.86275	0
-2.78431	0
-2.70588	0
-2.62745	0
-2.54902	0
-2.47059	0
-2.39216	0
-2.31373	0
-2.23529	0
-2.15686	0
-2.07843	0
-2	0
-1.92157	0.000244141
-1.84314	-0.00561523
-1.76471	0.0559082
-1.68627	-0.309326
-1.60784	0.99585
-1.52941	-1.64673
-1.45098	0.168701
-1.37255	4.22925
-1.29412	-4.93115
-1.21569	-4.4585
-1.13725	9.91455
-1.05882	4.04346
-0.980392	-11.7466
-0.901961	-5.87549
-0.823529	8.49756
-0.745098	8.0249
-0.666667	-1.1355
-0.588235	-5.19604
-0.509804	-3.38062
-0.431373	-0.738037
-0.352941	0.567139
-0.27451	0.932373
-0.196078	0.993896
-0.117647	0.999756
-0.0392157	1
0.0392157	1
0.117647	0.999756
0.196078	1.00562
0.27451	0.944092
0.352941	1.30933
0.431373	0.00415039
0.509804	2.64673
0.588235	0.831299
0.666667	-3.22925
0.745098	5.93115
0.823529	5.4585
0.901961	-8.91455
0.980392	-3.04346
1.05882	12.7466
1.13725	6.87549
1.21569	-7.49756
1.29412	-7.0249
1.37255	2.1355
1.45098	6.19604
1.52941	4.38062
1.60784	1.73804
1.68627	0.432861
1.76471	0.067627
1.84314	0.00610352
1.92157	0.000244141
2	0
2.07843	0
2.15686	0
2.23529	0
2.31373	0
2.39216	0
2.47059	0
2.54902	0
2.62745	0
2.70588	0
2.78431	0
2.86275	0
2.94118	0
3.01961	0
3.09804	0
3.17647	0
3.2549	0
3.33333	0
3.41176	0
3.4902	0
3.56863	0
3.64706	0
3.72549	0
3.80392	0
3.88235	0
3.96078	0
4.03922	0
4.11765	0
4.19608	0
4.27451	0
4.35294	0
4.43137	0
4.5098	0
4.58824	0
4.66667	0
4.7451	0
4.82353	0
4.90196	0
4.98039	0
5.05882	0
5.13725	0
5.21569	0
5.29412	0
5.37255	0
5.45098	0
5.52941	0
5.60784	0
5.68627	0
5.76471	0
5.84314	0
5.92157	0
6	0
6.07843	0
6.15686	0
6.23529	0
6.31373	0
6.39216	0
6.47059	0
6.54902	0
6.62745	0
6.70588	0
6.78431	0
6.86275	0
6.94118	0
7.01961	0
7.09804	0
7.17647	0
7.2549	0
7.33333	0
7.41176	0
7.4902	0
7.56863	0
7.64706	0
7.72549	0
7.80392	0
7.88235	0
7.96078	0
8.03922	0
8.11765	0
8.19608	0
8.27451	0
8.35294	0
8.43137	0
8.5098	0
8.58824	0
8.66667	0
8.7451	0
8.82353	0
8.90196	0
8.98039	0
9.05882	0
9.13725	0
9.21569	0
9.29412	0
9.37255	0
9.45098	0
9.52941	0
9.60784	0
9.68627	0
9.76471	0
9.84314	0
9.92157	0
10	0
