-10	0
-9.92157	0
-9.84314	0
-9.76471	0
-9.68627	0
-9.60784	0
-9.52941	0
-9.45098	0
-9.37255	0
-9.29412	0
-9.21569	0
-9.13725	0
-9.05882	0
-8.98039	0
-8.90196	0
-8.82353	0
-8.7451	0
-8.66667	0
-8.58824	0
-8.5098	0
-8.43137	0
-8.35294	0
-8.27451	0
-8.19608	0
-8.11765	0
-8.03922	0
-7.96078	0
-7.88235	0
-7.80392	0
-7.72549	0
-7.64706	0
-7.56863	0
-7.4902	0
-7.41176	0
-7.33333	0
-7.2549	0
-7.17647	0
-7.09804	0
-7.01961	0
-6.94118	0
-6.86275	0
-6.78431	0
-6.70588	0
-6.62745	0
-6.54902	0
-6.47059	0
-6.39216	0
-6.31373	0
-6.23529	0
-6.15686	0
-6.07843	0
-6	0
-5.92157	0
-5.84314	0
-5.76471	0
-5.68627	0
-5.60784	0
-5.52941	0
-5.45098	0
-5.37255	0
-5.29412	0
-5.21569	0
-5.13725	0
-5.05882	0
-4.98039	0
-4.90196	0
-4.82353	0
-4.7451	0
-4.66667	0
-4.58824	0
-4.5098	0
-4.43137	0
-4.35294	0
-4.27451	0
-4.19608	0
-4.11765	0
-4.03922	0
-3.96078	0
-3.88235	0
-3.80392	0
-3.72549	0
-3.64706	0
-3.56863	0
-3.4902	0
-3.41176	0
-3.33333	0
-3.2549	0
-3.17647	0
-3.09804	0
-3.01961	0
-2.94118	0
-2.86275	0
-2.78431	0
-2.70588	0
-2.62745	0
-2.54902	0
-2.47059	0
-2.39216	3.8147e-06
-2.31373	-0.000133514
-2.23529	0.00213242
-2.15686	-0.0204353
-2.07843	0.129562
-2	-0.561478
-1.92157	1.63304
-1.84314	-2.8307
-1.76471	1.21515
-1.68627	6.60754
-1.60784	-14.4272
-1.52941	2.93289
-1.45098	28.2547
-1.37255	-28.504
-1.29412	-31.3709
-1.21569	57.1881
-1.13725	27.9204
-1.05882	-74.5894
-0.980392	-30.6798
-0.901961	71.83
-0.823529	42.5624
-0.745098	-45.9966
-0.666667	-48.8634
-0.588235	7.89522
-0.509804	33.217
-0.431373	15.857
-0.352941	-5.17774
-0.27451	-10.57
-0.196078	-6.52641
-0.117647	-2.0401
-0.0392157	0.00442505
0.0392157	1.38651
0.117647	-0.658016
0.196078	3.8283
0.27451	-0.21529
0.352941	-5.60755
0.431373	15.4272
0.509804	-1.93289
0.588235	-27.2547
0.666667	29.504
0.745098	32.3709
0.823529	-56.1881
0.901961	-26.9204
0.980392	75.5894
1.05882	31.6798
1.13725	-70.83
1.21569	-41.5624
1.29412	46.9966
1.37255	49.8634
1.45098	-6.89522
1.52941	-32.217
1.60784	-14.857
1.68627	6.17773
1.76471	11.5701
1.84314	7.52428
1.92157	3.06053
2	0.866013
2.07843	0.174973
2.15686	0.0249748
2.23529	0.00240707
2.31373	0.000141144
2.39216	3.8147e-06
2.47059	0
2.54902	0
2.62745	0
2.70588	0
2.78431	0
2.86275	0
2.94118	0
3.01961	0
3.09804	0
3.17647	0
3.2549	0
3.33333	0
3.41176	0
3.4902	0
3.56863	0
3.64706	0
3.72549	0
3.80392	0
3.88235	0
3.96078	0
4.03922	0
4.11765	0
4.19608	0
4.27451	0
4.35294	0
4.43137	0
4.5098	0
4.58824	0
4.66667	0
4.7451	0
4.82353	0
4.90196	0
4.98039	0
5.05882	0
5.13725	0
5.21569	0
5.29412	0
5.37255	0
5.45098	0
5.52941	0
5.60784	0
5.68627	0
5.76471	0
5.84314	0
5.92157	0
6	0
6.07843	0
6.15686	0
6.23529	0
6.31373	0
6.39216	0
6.47059	0
6.54902	0
6.62745	0
6.70588	0
6.78431	0
6.86275	0
6.94118	0
7.01961	0
7.09804	0
7.17647	0
7.2549	0
7.33333	0
7.41176	0
7.4902	0
7.56863	0
7.64706	0
7.72549	0
7.80392	0
7.88235	0
7.96078	0
8.03922	0
8.11765	0
8.19608	0
8.27451	0
8.35294	0
8.43137	0
8.5098	0
8.58824	0
8.66667	0
8.7451	0
8.82353	0
8.90196	0
8.98039	0
9.05882	0
9.13725	0
9.21569	0
9.29412	0
9.37255	0
9.45098	0
9.52941	0
9.60784	0
9.68627	0
9.76471	0
9.84314	0
9.92157	0
10	0
