-10	0
-9.92157	0
-9.84314	0
-9.76471	0
-9.68627	0
-9.60784	0
-9.52941	0
-9.45098	0
-9.37255	0
-9.29412	0
-9.21569	0
-9.13725	0
-9.05882	0
-8.98039	0
-8.90196	0
-8.82353	0
-8.7451	0
-8.66667	0
-8.58824	0
-8.5098	0
-8.43137	0
-8.35294	0
-8.27451	0
-8.19608	0
-8.11765	0
-8.03922	0
-7.96078	0
-7.88235	0
-7.80392	0
-7.72549	0
-7.64706	0
-7.56863	0
-7.4902	0
-7.41176	0
-7.33333	0
-7.2549	0
-7.17647	0
-7.09804	0
-7.01961	0
-6.94118	0
-6.86275	0
-6.78431	0
-6.70588	0
-6.62745	0
-6.54902	0
-6.47059	0
-6.39216	0
-6.31373	0
-6.23529	0
-6.15686	0
-6.07843	0
-6	0
-5.92157	0
-5.84314	0
-5.76471	0
-5.68627	0
-5.60784	0
-5.52941	0
-5.45098	0
-5.37255	0
-5.29412	0
-5.21569	0
-5.13725	0
-5.05882	0
-4.98039	0
-4.90196	0
-4.82353	0
-4.7451	0
-4.66667	0
-4.58824	0
-4.5098	0
-4.43137	0
-4.35294	0
-4.27451	0
-4.19608	0
-4.11765	0
-4.03922	0
-3.96078	0
-3.88235	0
-3.80392	0
-3.72549	0
-3.64706	0
-3.56863	0
-3.4902	0
-3.41176	0
-3.33333	0
-3.2549	0
-3.17647	0
-3.09804	0
-3.01961	0
-2.94118	0
-2.86275	5.96046e-08
-2.78431	-2.80142e-06
-2.70588	6.15716e-05
-2.62745	-0.000837743
-2.54902	0.00786477
-2.47059	-0.0536615
-2.39216	0.272187
-2.31373	-1.02566
-2.23529	2.77947
-2.15686	-4.83748
-2.07843	2.79286
-2	10.3757
-1.92157	-30.2166
-1.84314	23.1411
-1.76471	43.6736
-1.68627	-108.204
-1.60784	19.0267
-1.52941	194.102
-1.45098	-168.256
-1.37255	-225.047
-1.29412	346.885
-1.21569	207.432
-1.13725	-482.449
-1.05882	-198.764
-0.980392	524.967
-0.901961	241.281
-0.823529	-448.6
-0.745098	-309.146
-0.666667	262.786
-0.588235	319.578
-0.509804	-42.7888
-0.431373	-217.802
-0.352941	-90.897
-0.27451	62.2787
-0.196078	79.006
-0.117647	33.2653
-0.0392157	-14.9573
0.0392157	-30.1231
0.117647	18.0996
0.196078	-27.6411
0.27451	-44.3685
0.352941	108.807
0.431373	-18.0979
0.509804	-193.111
0.588235	169.255
0.666667	226.047
0.745098	-345.885
0.823529	-206.432
0.901961	483.449
0.980392	199.764
1.05882	-523.967
1.13725	-240.281
1.21569	449.6
1.29412	310.146
1.37255	-261.786
1.45098	-318.577
1.52941	43.781
1.60784	218.856
1.68627	91.6249
1.76471	-60.253
1.84314	-80.7855
1.92157	-27.4279
2	13.1644
2.07843	20.7473
2.15686	13.117
2.23529	5.50002
2.31373	1.69489
2.39216	0.397044
2.47059	0.0711954
2.54902	0.00966913
2.62745	0.000966609
2.70588	6.72936e-05
2.78431	2.92063e-06
2.86275	5.96046e-08
2.94118	0
3.01961	0
3.09804	0
3.17647	0
3.2549	0
3.33333	0
3.41176	0
3.4902	0
3.56863	0
3.64706	0
3.72549	0
3.80392	0
3.88235	0
3.96078	0
4.03922	0
4.11765	0
4.19608	0
4.27451	0
4.35294	0
4.43137	0
4.5098	0
4.58824	0
4.66667	0
4.7451	0
4.82353	0
4.90196	0
4.98039	0
5.05882	0
5.13725	0
5.21569	0
5.29412	0
5.37255	0
5.45098	0
5.52941	0
5.60784	0
5.68627	0
5.76471	0
5.84314	0
5.92157	0
6	0
6.07843	0
6.15686	0
6.23529	0
6.31373	0
6.39216	0
6.47059	0
6.54902	0
6.62745	0
6.70588	0
6.78431	0
6.86275	0
6.94118	0
7.01961	0
7.09804	0
7.17647	0
7.2549	0
7.33333	0
7.41176	0
7.4902	0
7.56863	0
7.64706	0
7.72549	0
7.80392	0
7.88235	0
7.96078	0
8.03922	0
8.11765	0
8.19608	0
8.27451	0
8.35294	0
8.43137	0
8.5098	0
8.58824	0
8.66667	0
8.7451	0
8.82353	0
8.90196	0
8.98039	0
9.05882	0
9.13725	0
9.21569	0
9.29412	0
9.37255	0
9.45098	0
9.52941	0
9.60784	0
9.68627	0
9.76471	0
9.84314	0
9.92157	0
10	0
