-10	0
-9.92157	0
-9.84314	0
-9.76471	0
-9.68627	0
-9.60784	0
-9.52941	0
-9.45098	0
-9.37255	0
-9.29412	0
-9.21569	0
-9.13725	0
-9.05882	0
-8.98039	0
-8.90196	0
-8.82353	0
-8.7451	0
-8.66667	0
-8.58824	0
-8.5098	0
-8.43137	0
-8.35294	0
-8.27451	0
-8.19608	0
-8.11765	0
-8.03922	0
-7.96078	0
-7.88235	0
-7.80392	0
-7.72549	0
-7.64706	0
-7.56863	0
-7.4902	0
-7.41176	0
-7.33333	0
-7.2549	0
-7.17647	0
-7.09804	0
-7.01961	0
-6.94118	0
-6.86275	0
-6.78431	0
-6.70588	0
-6.62745	0
-6.54902	0
-6.47059	0
-6.39216	0
-6.31373	0
-6.23529	0
-6.15686	0
-6.07843	0
-6	0
-5.92157	0
-5.84314	0
-5.76471	0
-5.68627	0
-5.60784	0
-5.52941	0
-5.45098	0
-5.37255	0
-5.29412	0
-5.21569	0
-5.13725	0
-5.05882	0
-4.98039	0
-4.90196	0
-4.82353	0
-4.7451	0
-4.66667	0
-4.58824	0
-4.5098	0
-4.43137	0
-4.35294	0
-4.27451	0
-4.19608	0
-4.11765	0
-4.03922	0
-3.96078	0
-3.88235	0
-3.80392	1.45519e-11
-3.72549	-1.03319e-09
-3.64706	3.51138e-08
-3.56863	-7.59421e-07
-3.4902	1.17178e-05
-3.41176	-0.000137026
-3.33333	0.00125859
-3.2549	-0.00928013
-3.17647	0.0556117
-3.09804	-0.272047
-3.01961	1.082
-2.94118	-3.44237
-2.86275	8.41325
-2.78431	-14.1316
-2.70588	9.13455
-2.62745	29.5636
-2.54902	-108.402
-2.47059	147.726
-2.39216	36.2378
-2.31373	-493.946
-2.23529	708.385
-2.15686	214.345
-2.07843	-1953.84
-2	1781.17
-1.92157	2251.96
-1.84314	-5520.61
-1.76471	187.03
-1.68627	9489.17
-1.60784	-5867.61
-1.52941	-11829.3
-1.45098	13476.1
-1.37255	11949.9
-1.29412	-20786.5
-1.21569	-10954.1
-1.13725	25824.1
-1.05882	10665.1
-0.980392	-27315.6
-0.901961	-12151.8
-0.823529	24614.6
-0.745098	14804.8
-0.666667	-17954.8
-0.588235	-16449
-0.509804	8994.38
-0.431373	14699.9
-0.352941	-545.397
-0.27451	-9317.36
-0.196078	-4812.05
-0.117647	3454.56
-0.0392157	6093.53
0.0392157	-1376.48
0.117647	-4015.45
0.196078	4251.16
0.27451	-254.152
0.352941	-9026.11
0.431373	6219.19
0.509804	11924.7
0.588235	-13518.6
0.666667	-12012.8
0.745098	20746.8
0.823529	10937
0.901961	-25829.4
0.980392	-10665.6
1.05882	27315.1
1.13725	12156.1
1.21569	-24622.1
1.29412	-14789.7
1.37255	17946.7
1.45098	16420.4
1.52941	-8884.98
1.60784	-14846.6
1.68627	510.159
1.76471	9812.3
1.84314	4104.66
1.92157	-3667.91
2	-4138.69
2.07843	-403.689
2.15686	1764.49
2.23529	1270.45
2.31373	68.1215
2.39216	-462.062
2.47059	-350.574
2.54902	-94.4453
2.62745	43.5207
2.70588	63.9497
2.78431	40.6835
2.86275	18.1387
2.94118	6.28306
3.01961	1.7587
3.09804	0.404647
3.17647	0.0769883
3.2549	0.0120964
3.33333	0.00155767
3.41176	0.000162053
3.4902	1.3309e-05
3.56863	8.31744e-07
3.64706	3.72092e-08
3.72549	1.06229e-09
3.80392	1.45519e-11
3.88235	0
3.96078	0
4.03922	0
4.11765	0
4.19608	0
4.27451	0
4.35294	0
4.43137	0
4.5098	0
4.58824	0
4.66667	0
4.7451	0
4.82353	0
4.90196	0
4.98039	0
5.05882	0
5.13725	0
5.21569	0
5.29412	0
5.37255	0
5.45098	0
5.52941	0
5.60784	0
5.68627	0
5.76471	0
5.84314	0
5.92157	0
6	0
6.07843	0
6.15686	0
6.23529	0
6.31373	0
6.39216	0
6.47059	0
6.54902	0
6.62745	0
6.70588	0
6.78431	0
6.86275	0
6.94118	0
7.01961	0
7.09804	0
7.17647	0
7.2549	0
7.33333	0
7.41176	0
7.4902	0
7.56863	0
7.64706	0
7.72549	0
7.80392	0
7.88235	0
7.96078	0
8.03922	0
8.11765	0
8.19608	0
8.27451	0
8.35294	0
8.43137	0
8.5098	0
8.58824	0
8.66667	0
8.7451	0
8.82353	0
8.90196	0
8.98039	0
9.05882	0
9.13725	0
9.21569	0
9.29412	0
9.37255	0
9.45098	0
9.52941	0
9.60784	0
9.68627	0
9.76471	0
9.84314	0
9.92157	0
10	0
