-10	0
-9.92157	0
-9.84314	0
-9.76471	0
-9.68627	0
-9.60784	0
-9.52941	0
-9.45098	0
-9.37255	0
-9.29412	0
-9.21569	0
-9.13725	0
-9.05882	0
-8.98039	0
-8.90196	0
-8.82353	0
-8.7451	0
-8.66667	0
-8.58824	0
-8.5098	0
-8.43137	0
-8.35294	0
-8.27451	0
-8.19608	0
-8.11765	0
-8.03922	0
-7.96078	0
-7.88235	0
-7.80392	0
-7.72549	0
-7.64706	0
-7.56863	0
-7.4902	0
-7.41176	0
-7.33333	0
-7.2549	0
-7.17647	0
-7.09804	0
-7.01961	0
-6.94118	0
-6.86275	0
-6.78431	0
-6.70588	0
-6.62745	0
-6.54902	0
-6.47059	0
-6.39216	0
-6.31373	0
-6.23529	0
-6.15686	0
-6.07843	0
-6	0
-5.92157	0
-5.84314	0
-5.76471	0
-5.68627	0
-5.60784	0
-5.52941	0
-5.45098	0
-5.37255	0
-5.29412	0
-5.21569	0
-5.13725	0
-5.05882	0
-4.98039	0
-4.90196	0
-4.82353	0
-4.7451	0
-4.66667	0
-4.58824	0
-4.5098	0
-4.43137	0
-4.35294	0
-4.27451	2.27374e-13
-4.19608	-1.8872e-11
-4.11765	7.54653e-10
-4.03922	-1.93443e-08
-3.96078	3.56727e-07
-3.88235	-5.03396e-06
-3.80392	5.64369e-05
-3.72549	-0.000514997
-3.64706	0.00388571
-3.56863	-0.0244751
-3.4902	0.129261
-3.41176	-0.571835
-3.33333	2.10245
-3.2549	-6.30349
-3.17647	14.7677
-3.09804	-24.1098
-3.01961	14.9154
-2.94118	53.341
-2.86275	-200.825
-2.78431	305.778
-2.70588	-20.6614
-2.62745	-904.752
-2.54902	1732.7
-2.47059	-432.534
-2.39216	-3817.66
-2.31373	6340.09
-2.23529	868.71
-2.15686	-14843.3
-2.07843	13324.6
-2	17010.2
-1.92157	-38764
-1.84314	-2122.98
-1.76471	66805.3
-1.68627	-33817.1
-1.60784	-85966.1
-1.52941	84494.6
-1.45098	90633.4
-1.37255	-137102
-1.29412	-84928.7
-1.21569	178828
-1.13725	79242.4
-1.05882	-200485
-0.980392	-82896
-0.901961	196832
-0.823529	97521.3
-0.745098	-166734
-0.666667	-114231
-0.588235	114389
-0.509804	117891
-0.431373	-50404.9
-0.352941	-99168.8
-0.27451	-8704.17
-0.196078	65695.5
-0.117647	44766.4
-0.0392157	-39175.6
0.0392157	-46546.8
0.117647	37395.2
0.196078	16466.2
0.27451	-57933.5
0.352941	32531.1
0.431373	81295
0.509804	-87000.4
0.588235	-90501.9
0.666667	138118
0.745098	85615.8
0.823529	-178639
0.901961	-79328.6
0.980392	200399
1.05882	82810.2
1.13725	-196917
1.21569	-97331.5
1.29412	166426
1.37255	114252
1.45098	-113484
1.52941	-119622
1.60784	50838.4
1.68627	102987
1.76471	2365.07
1.84314	-66563.2
1.92157	-29922.2
2	25852
2.07843	29537.6
2.15686	1369.79
2.23529	-14342.2
2.31373	-8870.81
2.39216	1286.95
2.47059	4672.08
2.54902	2506.85
2.62745	-130.603
2.70588	-1014.69
2.78431	-688.253
2.86275	-181.65
2.94118	72.5168
3.01961	110.942
3.09804	71.9171
3.17647	33.0396
3.2549	11.9685
3.33333	3.56252
3.41176	0.888232
3.4902	0.187136
3.56863	0.0334002
3.64706	0.0050394
3.72549	0.000638692
3.80392	6.72585e-05
3.88235	5.78765e-06
3.96078	3.96964e-07
4.03922	2.08918e-08
4.11765	7.92852e-10
4.19608	1.93268e-11
4.27451	2.27374e-13
4.35294	0
4.43137	0
4.5098	0
4.58824	0
4.66667	0
4.7451	0
4.82353	0
4.90196	0
4.98039	0
5.05882	0
5.13725	0
5.21569	0
5.29412	0
5.37255	0
5.45098	0
5.52941	0
5.60784	0
5.68627	0
5.76471	0
5.84314	0
5.92157	0
6	0
6.07843	0
6.15686	0
6.23529	0
6.31373	0
6.39216	0
6.47059	0
6.54902	0
6.62745	0
6.70588	0
6.78431	0
6.86275	0
6.94118	0
7.01961	0
7.09804	0
7.17647	0
7.2549	0
7.33333	0
7.41176	0
7.4902	0
7.56863	0
7.64706	0
7.72549	0
7.80392	0
7.88235	0
7.96078	0
8.03922	0
8.11765	0
8.19608	0
8.27451	0
8.35294	0
8.43137	0
8.5098	0
8.58824	0
8.66667	0
8.7451	0
8.82353	0
8.90196	0
8.98039	0
9.05882	0
9.13725	0
9.21569	0
9.29412	0
9.37255	0
9.45098	0
9.52941	0
9.60784	0
9.68627	0
9.76471	0
9.84314	0
9.92157	0
10	0
