-10	0
-9.92157	0
-9.84314	0
-9.76471	0
-9.68627	0
-9.60784	0
-9.52941	0
-9.45098	0
-9.37255	0
-9.29412	0
-9.21569	0
-9.13725	0
-9.05882	0
-8.98039	0
-8.90196	0
-8.82353	0
-8.7451	0
-8.66667	0
-8.58824	0
-8.5098	0
-8.43137	0
-8.35294	0
-8.27451	0
-8.19608	0
-8.11765	0
-8.03922	0
-7.96078	0
-7.88235	0
-7.80392	0
-7.72549	0
-7.64706	0
-7.56863	0
-7.4902	0
-7.41176	0
-7.33333	0
-7.2549	0
-7.17647	0
-7.09804	0
-7.01961	0
-6.94118	0
-6.86275	0
-6.78431	0
-6.70588	0
-6.62745	0
-6.54902	0
-6.47059	0
-6.39216	0
-6.31373	0
-6.23529	0
-6.15686	0
-6.07843	0
-6	0
-5.92157	0
-5.84314	0
-5.76471	0
-5.68627	0
-5.60784	0
-5.52941	0
-5.45098	0
-5.37255	0
-5.29412	0
-5.21569	0
-5.13725	0
-5.05882	0
-4.98039	0
-4.90196	0
-4.82353	0
-4.7451	3.55271e-15
-4.66667	-3.37508e-13
-4.58824	1.55218e-11
-4.5098	-4.6003e-10
-4.43137	9.8672e-09
-4.35294	-1.63047e-07
-4.27451	2.15704e-06
-4.19608	-2.34361e-05
-4.11765	0.000212792
-4.03922	-0.00163393
-3.96078	0.0106917
-3.88235	-0.0598612
-3.80392	0.286881
-3.72549	-1.17223
-3.64706	4.04288
-3.56863	-11.5252
-3.4902	25.9657
-3.41176	-40.9991
-3.33333	23.0313
-3.2549	99.2625
-3.17647	-371.527
-3.09804	604.397
-3.01961	-164.689
-2.94118	-1608.25
-2.86275	3770.51
-2.78431	-2341.52
-2.70588	-6422.95
-2.62745	16300.6
-2.54902	-7581.16
-2.47059	-28707.2
-2.39216	52184.5
-2.31373	3905.25
-2.23529	-111637
-2.15686	95499.5
-2.07843	130224
-2	-270402
-1.92157	-40863.8
-1.84314	470737
-1.76471	-187882
-1.68627	-624087
-1.60784	527197
-1.52941	684364
-1.45098	-903111
-1.37255	-661045
-1.29412	1.23211e+06
-1.21569	610440
-1.13725	-1.44817e+06
-1.05882	-599412
-0.980392	1.51083e+06
-0.901961	662537
-0.823529	-1.40192e+06
-0.745098	-774219
-0.666667	1.12308e+06
-0.588235	858358
-0.509804	-705197
-0.431373	-841222
-0.352941	229177
-0.27451	713663
-0.196078	170587
-0.117647	-548150
-0.0392157	-353336
0.0392157	447914
0.117647	253100
0.196078	-465637
0.27451	77438.7
0.352941	561925
0.431373	-508473
0.509804	-644498
0.588235	919058
0.666667	654335
0.745098	-1.24297e+06
0.823529	-615260
0.901961	1.4492e+06
0.980392	600909
1.05882	-1.50933e+06
1.13725	-660572
1.21569	1.39804e+06
1.29412	776370
1.37255	-1.11678e+06
1.45098	-874718
1.52941	712757
1.60784	869923
1.68627	-281362
1.76471	-717568
1.84314	-58949
1.92157	452652
2	223114
2.07843	-177512
2.15686	-212236
2.23529	-5098.76
2.31373	110444
2.39216	62164.4
2.47059	-18727.3
2.54902	-39853.4
2.62745	-15971.5
2.70588	6752.04
2.78431	10833.5
2.86275	4721.44
2.94118	-657.313
3.01961	-2100.87
3.09804	-1331.78
3.17647	-355.86
3.2549	114.929
3.33333	191.16
3.41176	127.13
3.4902	60.1649
3.56863	22.674
3.64706	7.10596
3.72549	1.89085
3.80392	0.431732
3.88235	0.0849895
3.96078	0.0144367
4.03922	0.00211105
4.11765	0.000264325
4.19608	2.80969e-05
4.27451	2.50382e-06
4.35294	1.83733e-07
4.43137	1.0819e-08
4.5098	4.91756e-10
4.58824	1.62039e-11
4.66667	3.44613e-13
4.7451	3.55271e-15
4.82353	0
4.90196	0
4.98039	0
5.05882	0
5.13725	0
5.21569	0
5.29412	0
5.37255	0
5.45098	0
5.52941	0
5.60784	0
5.68627	0
5.76471	0
5.84314	0
5.92157	0
6	0
6.07843	0
6.15686	0
6.23529	0
6.31373	0
6.39216	0
6.47059	0
6.54902	0
6.62745	0
6.70588	0
6.78431	0
6.86275	0
6.94118	0
7.01961	0
7.09804	0
7.17647	0
7.2549	0
7.33333	0
7.41176	0
7.4902	0
7.56863	0
7.64706	0
7.72549	0
7.80392	0
7.88235	0
7.96078	0
8.03922	0
8.11765	0
8.19608	0
8.27451	0
8.35294	0
8.43137	0
8.5098	0
8.58824	0
8.66667	0
8.7451	0
8.82353	0
8.90196	0
8.98039	0
9.05882	0
9.13725	0
9.21569	0
9.29412	0
9.37255	0
9.45098	0
9.52941	0
9.60784	0
9.68627	0
9.76471	0
9.84314	0
9.92157	0
10	0
