-10	0
-9.92157	0
-9.84314	0
-9.76471	0
-9.68627	0
-9.60784	0
-9.52941	0
-9.45098	0
-9.37255	0
-9.29412	0
-9.21569	0
-9.13725	0
-9.05882	0
-8.98039	0
-8.90196	0
-8.82353	0
-8.7451	0
-8.66667	0
-8.58824	0
-8.5098	0
-8.43137	0
-8.35294	0
-8.27451	0
-8.19608	0
-8.11765	0
-8.03922	0
-7.96078	0
-7.88235	0
-7.80392	0
-7.72549	0
-7.64706	0
-7.56863	0
-7.4902	0
-7.41176	0
-7.33333	0
-7.2549	0
-7.17647	0
-7.09804	0
-7.01961	0
-6.94118	0
-6.86275	0
-6.78431	0
-6.70588	0
-6.62745	0
-6.54902	0
-6.47059	0
-6.39216	0
-6.31373	0
-6.23529	0
-6.15686	0
-6.07843	0
-6	0
-5.92157	0
-5.84314	0
-5.76471	0
-5.68627	0
-5.60784	0
-5.52941	0
-5.45098	0
-5.37255	0
-5.29412	0
-5.21569	5.55112e-17
-5.13725	-5.93969e-15
-5.05882	3.08809e-13
-4.98039	-1.03886e-11
-4.90196	2.54055e-10
-4.82353	-4.81018e-09
-4.7451	7.33219e-08
-4.66667	-9.23688e-07
-4.58824	9.79499e-06
-4.5098	-8.85851e-05
-4.43137	0.000689649
-4.35294	-0.0046508
-4.27451	0.0272668
-4.19608	-0.139122
-4.11765	0.616579
-4.03922	-2.36003
-3.96078	7.71119
-3.88235	-21.0293
-3.80392	45.6509
-3.72549	-69.3801
-3.64706	33.1676
-3.56863	188.621
-3.4902	-687.929
-3.41176	1163.15
-3.33333	-477.832
-3.2549	-2833.14
-3.17647	7722.64
-3.09804	-6930.44
-3.01961	-9584.3
-2.94118	36101.9
-2.86275	-32964.8
-2.78431	-42448.9
-2.70588	139535
-2.62745	-80980.5
-2.54902	-215366
-2.47059	410750
-2.39216	26087
-2.31373	-834957
-2.23529	664286
-2.15686	1.00168e+06
-2.07843	-1.87504e+06
-2	-478257
-1.92157	3.3146e+06
-1.84314	-978697
-1.76471	-4.52141e+06
-1.68627	3.25469e+06
-1.60784	5.14071e+06
-1.52941	-5.92466e+06
-1.45098	-5.13266e+06
-1.37255	8.4468e+06
-1.29412	4.78284e+06
-1.21569	-1.03515e+07
-1.13725	-4.52698e+06
-1.05882	1.13264e+07
-0.980392	4.69122e+06
-0.901961	-1.11932e+07
-0.823529	-5.28903e+06
-0.745098	9.85718e+06
-0.666667	6.00959e+06
-0.588235	-7.35121e+06
-0.509804	-6.42571e+06
-0.431373	4.01339e+06
-0.352941	6.28417e+06
-0.27451	-630773
-0.196078	-5.67266e+06
-0.117647	-1.71672e+06
-0.0392157	4.95287e+06
0.0392157	2.15931e+06
0.117647	-4.51028e+06
0.196078	-554345
0.27451	4.48754e+06
0.352941	-2.4274e+06
0.431373	-4.69818e+06
0.509804	5.74091e+06
0.588235	4.81541e+06
0.666667	-8.54539e+06
0.745098	-4.6978e+06
0.823529	1.04484e+07
0.901961	4.54423e+06
0.980392	-1.13402e+07
1.05882	-4.705e+06
1.13725	1.11484e+07
1.21569	5.32383e+06
1.29412	-9.81053e+06
1.37255	-6.14657e+06
1.45098	7.4329e+06
1.52941	6.6409e+06
1.60784	-4.42446e+06
1.68627	-6.31048e+06
1.76471	1.46562e+06
1.84314	5.00833e+06
1.92157	715029
2	-3.07783e+06
2.07843	-1.68105e+06
2.15686	1.19567e+06
2.23529	1.53306e+06
2.31373	33821.9
2.39216	-827222
2.47059	-442559
2.54902	183557
2.62745	317943
2.70588	97428
2.78431	-84555.5
2.86275	-94039.7
2.94118	-24973
3.01961	20713.3
3.09804	23367.1
3.17647	8714.04
3.2549	-1841.74
3.33333	-4197.05
3.41176	-2556.07
3.4902	-704.995
3.56863	171.554
3.64706	327.007
3.72549	224.46
3.80392	109.429
3.88235	42.7485
3.96078	14.0081
4.03922	3.93684
4.11765	0.960236
4.19608	0.204536
4.27451	0.0381465
4.35294	0.00622886
4.43137	0.000888413
4.5098	0.000110179
4.58824	1.17992e-05
4.66667	1.08048e-06
4.7451	8.34718e-08
4.82353	5.3397e-09
4.90196	2.75462e-10
4.98039	1.10182e-11
5.05882	3.20799e-13
5.13725	6.05072e-15
5.21569	5.55112e-17
5.29412	0
5.37255	0
5.45098	0
5.52941	0
5.60784	0
5.68627	0
5.76471	0
5.84314	0
5.92157	0
6	0
6.07843	0
6.15686	0
6.23529	0
6.31373	0
6.39216	0
6.47059	0
6.54902	0
6.62745	0
6.70588	0
6.78431	0
6.86275	0
6.94118	0
7.01961	0
7.09804	0
7.17647	0
7.2549	0
7.33333	0
7.41176	0
7.4902	0
7.56863	0
7.64706	0
7.72549	0
7.80392	0
7.88235	0
7.96078	0
8.03922	0
8.11765	0
8.19608	0
8.27451	0
8.35294	0
8.43137	0
8.5098	0
8.58824	0
8.66667	0
8.7451	0
8.82353	0
8.90196	0
8.98039	0
9.05882	0
9.13725	0
9.21569	0
9.29412	0
9.37255	0
9.45098	0
9.52941	0
9.60784	0
9.68627	0
9.76471	0
9.84314	0
9.92157	0
10	0
